3 5
-0.01 2.34 .678 98.543 -23.1
3.14159 2.56 -54. 123.456 99.9
0.0 -5.678 100.0 3.9 1.1

3 4
1.0 2.1 3.2 4.3
5.4 6.5 7.6 8.7
9.1 10.11 11.23 12.24
3 4
9.1 10.11 11.23 12.24
5.4 6.5 7.6 8.7
1.0 2.1 3.2 4.3
